0 0.323529 0.102376 0.407353 0.107096
0 0.733701 0.133626 0.389951 0.106445
1 0.736642 0.416504 0.395833 0.463216
1 0.323652 0.563802 0.417402 0.813802
2 0.644730 0.809408 0.206127 0.322591
3 0.845833 0.800456 0.200490 0.292969
4 0.171936 0.174642 0.108088 0.028971
4 0.272549 0.170410 0.093137 0.030273
4 0.171201 0.204753 0.107108 0.031250
4 0.272059 0.202311 0.092157 0.031576
4 0.373775 0.172201 0.108824 0.033854
4 0.474510 0.184082 0.093627 0.051758
4 0.373039 0.202474 0.110294 0.035807
4 0.170588 0.235840 0.108333 0.030924
4 0.272181 0.233398 0.093873 0.032552
4 0.373529 0.234701 0.109804 0.037109
4 0.474142 0.213867 0.094363 0.048177
4 0.170098 0.267253 0.108824 0.029948
4 0.170221 0.298503 0.108578 0.030599
4 0.170343 0.329590 0.108824 0.029622
4 0.170221 0.361979 0.107598 0.029948
4 0.170098 0.393717 0.106373 0.031576
4 0.170098 0.425944 0.106373 0.032878
4 0.170466 0.458333 0.107108 0.032552
4 0.169853 0.489583 0.106863 0.031250
4 0.169608 0.521159 0.107353 0.033203
4 0.168995 0.552572 0.107598 0.032227
4 0.168873 0.584635 0.107353 0.033203
4 0.168873 0.615234 0.107353 0.035156
4 0.168627 0.646973 0.106863 0.034831
4 0.168995 0.678548 0.107598 0.033529
4 0.168137 0.711100 0.107353 0.034831
4 0.167525 0.742839 0.107598 0.035156
4 0.167402 0.774089 0.106373 0.034505
4 0.167034 0.805664 0.107108 0.035807
4 0.167647 0.837402 0.106863 0.036133
4 0.166912 0.868978 0.106373 0.034831
4 0.167157 0.900879 0.106863 0.035482
4 0.166789 0.932292 0.106127 0.036458
4 0.271324 0.264811 0.093137 0.032227
4 0.269975 0.297363 0.094853 0.032878
4 0.270588 0.329915 0.093627 0.032227
4 0.270343 0.361816 0.092647 0.030924
4 0.270098 0.393880 0.092647 0.031901
4 0.269853 0.425130 0.092157 0.032552
4 0.270343 0.458496 0.092647 0.030924
4 0.269363 0.489909 0.093137 0.032552
4 0.268995 0.522461 0.093873 0.032552
4 0.269240 0.554362 0.092892 0.034505
4 0.268627 0.586263 0.093137 0.035156
4 0.268505 0.618490 0.091912 0.035807
4 0.268137 0.650553 0.094118 0.036784
4 0.267770 0.682943 0.093382 0.037109
4 0.268260 0.714355 0.092402 0.038086
4 0.268260 0.746582 0.092402 0.035482
4 0.267525 0.778158 0.092402 0.036784
4 0.267525 0.809733 0.093873 0.036784
4 0.266789 0.841797 0.093873 0.037760
4 0.266912 0.874023 0.093627 0.037109
4 0.266422 0.905599 0.094608 0.038411
4 0.266912 0.937337 0.093627 0.038737
4 0.372917 0.266439 0.109559 0.035482
4 0.371691 0.298340 0.110049 0.036133
4 0.371324 0.330566 0.109314 0.035482
4 0.371569 0.363281 0.110294 0.037109
4 0.371936 0.395508 0.109559 0.033854
4 0.371569 0.427897 0.110294 0.033529
4 0.370711 0.459310 0.109559 0.034505
4 0.370711 0.491048 0.108578 0.032878
4 0.370956 0.524740 0.110049 0.033203
4 0.369975 0.557292 0.108088 0.033203
4 0.369485 0.588542 0.109559 0.035807
4 0.369363 0.620768 0.109804 0.035156
4 0.368873 0.652832 0.108824 0.034831
4 0.368750 0.686198 0.108088 0.035807
4 0.368260 0.719238 0.109069 0.036784
4 0.368750 0.751139 0.109559 0.036133
4 0.368382 0.783040 0.107843 0.036133
4 0.368137 0.814290 0.108333 0.035482
4 0.367770 0.846842 0.109069 0.037435
4 0.367892 0.878906 0.108333 0.034505
4 0.367525 0.910482 0.109069 0.036458
4 0.367034 0.942057 0.109069 0.034505
4 0.474755 0.244629 0.093137 0.047852
4 0.474877 0.276042 0.094363 0.046224
4 0.474877 0.306315 0.095833 0.044271
4 0.474510 0.336914 0.096569 0.042318
4 0.474632 0.368164 0.096814 0.041667
4 0.474020 0.399251 0.098039 0.040690
4 0.474387 0.431803 0.096814 0.038737
4 0.474265 0.462891 0.096078 0.035807
4 0.474387 0.494629 0.096814 0.036133
4 0.474877 0.527018 0.098775 0.034505
4 0.474755 0.557454 0.100000 0.034831
4 0.475368 0.591309 0.100735 0.032227
4 0.474877 0.622396 0.101716 0.031901
4 0.474142 0.653483 0.100245 0.036133
4 0.474265 0.686361 0.100000 0.036133
4 0.473162 0.717936 0.101716 0.036133
4 0.472549 0.750651 0.101961 0.037760
4 0.474020 0.782715 0.103431 0.038737
4 0.473162 0.815267 0.103676 0.036784
4 0.473039 0.848145 0.103431 0.038086
4 0.473407 0.879395 0.102696 0.036784
4 0.472794 0.912435 0.102451 0.036458
4 0.472549 0.944987 0.100980 0.036458
4 0.593260 0.198568 0.102696 0.031901
4 0.593015 0.227376 0.103676 0.034831
4 0.593505 0.257324 0.104167 0.036784
4 0.594853 0.286133 0.103431 0.033854
4 0.595343 0.316081 0.102941 0.033854
4 0.594853 0.345215 0.103431 0.036133
4 0.595466 0.375326 0.104167 0.036458
4 0.596446 0.405762 0.103676 0.033529
4 0.595833 0.435872 0.103431 0.032552
4 0.596569 0.467285 0.103431 0.034180
4 0.597549 0.497233 0.105392 0.034180
4 0.598652 0.527832 0.104167 0.033529
4 0.598162 0.558757 0.104167 0.034180
4 0.598775 0.590332 0.104412 0.034180
4 0.599632 0.621419 0.104167 0.032552
4 0.688971 0.196452 0.089706 0.031576
4 0.688971 0.225586 0.089706 0.031250
4 0.689706 0.254883 0.089706 0.034505
4 0.691054 0.285156 0.090931 0.033203
4 0.691054 0.314616 0.089951 0.032227
4 0.691667 0.344889 0.090196 0.033529
4 0.692034 0.375163 0.091912 0.032227
4 0.693015 0.405436 0.090931 0.031576
4 0.693382 0.435384 0.090686 0.030273
4 0.694118 0.465658 0.090686 0.032227
4 0.694730 0.495605 0.090441 0.030924
4 0.695221 0.527344 0.091422 0.032552
4 0.696078 0.556966 0.091667 0.030599
4 0.696814 0.588542 0.090686 0.030599
4 0.696814 0.619792 0.091667 0.031901
4 0.781495 0.201009 0.097794 0.033529
4 0.782230 0.227376 0.097794 0.033529
4 0.782475 0.258464 0.098775 0.034505
4 0.783578 0.287109 0.098039 0.033203
4 0.783946 0.316569 0.097304 0.030924
4 0.784926 0.346029 0.098284 0.029948
4 0.786275 0.376302 0.098039 0.030599
4 0.786397 0.406087 0.099265 0.032227
4 0.787010 0.436198 0.098039 0.031250
4 0.787255 0.465495 0.097549 0.030599
4 0.788725 0.496094 0.099020 0.029948
4 0.789583 0.527018 0.100735 0.030599
4 0.790441 0.556803 0.099020 0.030924
4 0.790441 0.586589 0.099020 0.032552
4 0.791912 0.618001 0.098039 0.033529
4 0.873407 0.205078 0.088480 0.034505
4 0.873775 0.232910 0.089216 0.033529
4 0.874877 0.260905 0.089951 0.033529
4 0.876225 0.290690 0.090196 0.033854
4 0.877206 0.319499 0.092157 0.033529
4 0.877941 0.349121 0.092157 0.032227
4 0.879289 0.377441 0.090931 0.031576
4 0.879289 0.406901 0.091912 0.031250
4 0.879902 0.436198 0.090686 0.031250
4 0.880515 0.465658 0.090441 0.030924
4 0.882598 0.495443 0.090686 0.029297
4 0.883333 0.524740 0.090686 0.029948
4 0.884069 0.555176 0.091667 0.028971
4 0.884436 0.584798 0.092402 0.028971
4 0.886029 0.615723 0.090686 0.030924
5 0.214338 0.556152 0.198775 0.802409
5 0.420221 0.557292 0.213971 0.807943
5 0.641422 0.410807 0.206863 0.451823
5 0.833211 0.410319 0.199755 0.450846
