0 0.526103 0.503581 0.814461 0.916667
1 0.335172 0.109538 0.400245 0.136393
1 0.728309 0.134766 0.380147 0.125651
2 0.343995 0.538086 0.388971 0.742839
2 0.731618 0.405273 0.371078 0.429688
6 0.245711 0.538411 0.194853 0.736328
6 0.437990 0.540853 0.191667 0.740560
6 0.638848 0.403809 0.187010 0.422201
6 0.819853 0.404785 0.189706 0.417643
3 0.636520 0.723796 0.179902 0.195638
4 0.826716 0.770345 0.187745 0.269206
5 0.205270 0.186686 0.101716 0.031576
5 0.205147 0.216146 0.100490 0.033203
5 0.205637 0.244954 0.102451 0.030924
5 0.205760 0.274740 0.100245 0.032552
5 0.206005 0.304688 0.100735 0.033203
5 0.205882 0.333984 0.100980 0.031901
5 0.205515 0.364095 0.100735 0.032227
5 0.205147 0.393229 0.101471 0.033203
5 0.205147 0.422852 0.102451 0.033203
5 0.205270 0.451986 0.101225 0.032878
5 0.204289 0.451986 0.100245 0.032227
5 0.204902 0.481608 0.100490 0.032878
5 0.204902 0.511068 0.101961 0.031250
5 0.205515 0.540690 0.100735 0.031901
5 0.204779 0.569824 0.100735 0.031576
5 0.205637 0.598470 0.100980 0.030273
5 0.205637 0.627116 0.100980 0.030273
5 0.205392 0.656413 0.099510 0.031576
5 0.205515 0.685872 0.100245 0.030599
5 0.205882 0.714681 0.100490 0.030924
5 0.204902 0.743164 0.100490 0.029948
5 0.205270 0.772298 0.102206 0.030924
5 0.205270 0.800944 0.101225 0.030273
5 0.205025 0.829590 0.102206 0.030273
5 0.204289 0.858724 0.101716 0.029948
5 0.204044 0.887695 0.101716 0.029297
5 0.299387 0.186686 0.087500 0.029622
5 0.299755 0.215169 0.086765 0.029948
5 0.299265 0.244954 0.087255 0.030924
5 0.299510 0.275228 0.086275 0.030924
5 0.299265 0.304850 0.087255 0.030924
5 0.298897 0.334310 0.086520 0.031250
5 0.299387 0.364095 0.087500 0.030273
5 0.299020 0.394857 0.088235 0.031901
5 0.299265 0.424316 0.086765 0.032227
5 0.298407 0.453776 0.087010 0.033203
5 0.298652 0.483561 0.087990 0.031576
5 0.299265 0.512533 0.086765 0.032227
5 0.298775 0.541829 0.086275 0.032878
5 0.298284 0.570964 0.086765 0.031901
5 0.298529 0.599935 0.086765 0.033203
5 0.298407 0.629883 0.087500 0.032552
5 0.298529 0.658366 0.086765 0.032227
5 0.298529 0.687500 0.085784 0.032552
5 0.298284 0.717122 0.086275 0.032552
5 0.298652 0.744954 0.087010 0.032227
5 0.298407 0.773600 0.087010 0.033529
5 0.298775 0.802572 0.086275 0.031576
5 0.298775 0.831543 0.086275 0.032878
5 0.298039 0.859701 0.085784 0.031901
5 0.298162 0.888184 0.086520 0.032227
5 0.393873 0.186686 0.101961 0.031576
5 0.393505 0.216471 0.100735 0.032552
5 0.393137 0.246257 0.100980 0.031576
5 0.393627 0.276530 0.101471 0.032878
5 0.393260 0.305827 0.100735 0.032878
5 0.392770 0.335938 0.102206 0.033854
5 0.392647 0.365885 0.100980 0.032552
5 0.392892 0.396322 0.101471 0.032227
5 0.392770 0.425944 0.101225 0.032878
5 0.392157 0.455078 0.100490 0.031901
5 0.392034 0.485352 0.100245 0.031901
5 0.392157 0.514323 0.100980 0.032552
5 0.391912 0.544434 0.100490 0.032227
5 0.392157 0.573730 0.100980 0.032227
5 0.391912 0.603190 0.100000 0.033203
5 0.391667 0.632487 0.099510 0.032552
5 0.391422 0.661458 0.100000 0.032552
5 0.391544 0.689779 0.099755 0.031901
5 0.391422 0.718913 0.100000 0.031576
5 0.391299 0.747396 0.099755 0.030599
5 0.391176 0.776204 0.099020 0.030924
5 0.390686 0.805013 0.098529 0.029297
5 0.390564 0.833984 0.098284 0.030599
5 0.391054 0.862305 0.098284 0.031901
5 0.376838 0.890299 0.071814 0.030599
5 0.487010 0.196777 0.085294 0.043945
5 0.487255 0.224609 0.084804 0.044271
5 0.487623 0.253092 0.086520 0.042643
5 0.487377 0.281901 0.087010 0.039714
5 0.487132 0.312012 0.087500 0.039388
5 0.488235 0.341309 0.089216 0.039388
5 0.487745 0.370280 0.090196 0.037435
5 0.488235 0.399740 0.090196 0.035807
5 0.488358 0.428874 0.089951 0.035482
5 0.487500 0.457357 0.090686 0.033854
5 0.487990 0.486979 0.090686 0.031250
5 0.487990 0.515788 0.090686 0.030924
5 0.487745 0.544434 0.091176 0.030924
5 0.487623 0.574056 0.091422 0.029622
5 0.487377 0.602702 0.090441 0.030273
5 0.486765 0.631999 0.092157 0.030273
5 0.486887 0.661784 0.091422 0.032552
5 0.486765 0.690592 0.092157 0.030924
5 0.486887 0.691081 0.091422 0.029948
5 0.486765 0.720703 0.092157 0.032552
5 0.487010 0.750000 0.092647 0.032552
5 0.487010 0.778971 0.092647 0.031901
5 0.595588 0.208496 0.096078 0.030924
5 0.595833 0.235514 0.095588 0.032227
5 0.595833 0.263021 0.095588 0.033203
5 0.595711 0.291667 0.095343 0.031901
5 0.596691 0.319336 0.095343 0.031901
5 0.596324 0.347656 0.095588 0.029948
5 0.596569 0.375651 0.096078 0.029948
5 0.596324 0.403971 0.096569 0.031250
5 0.596446 0.432617 0.096814 0.032552
5 0.596569 0.460124 0.096078 0.030273
5 0.596814 0.488770 0.096078 0.028971
5 0.597426 0.517415 0.096324 0.028971
5 0.597304 0.545736 0.097059 0.028320
5 0.597672 0.574056 0.096324 0.028971
5 0.597672 0.601888 0.096324 0.027995
5 0.685049 0.207682 0.084314 0.027344
5 0.685049 0.234049 0.084314 0.030599
5 0.685172 0.262370 0.084069 0.029297
5 0.685784 0.289876 0.085294 0.029622
5 0.685907 0.318197 0.085049 0.029622
5 0.685784 0.346680 0.084314 0.029297
5 0.686275 0.375000 0.084314 0.030599
5 0.686765 0.402344 0.085294 0.028646
5 0.686887 0.430990 0.086029 0.027995
5 0.687132 0.458659 0.085049 0.028646
5 0.687500 0.487793 0.085294 0.028320
5 0.687868 0.515951 0.085539 0.027995
5 0.687623 0.544271 0.086029 0.027995
5 0.687868 0.573568 0.086029 0.028646
5 0.688603 0.601725 0.085049 0.028971
5 0.773284 0.208659 0.093627 0.028646
5 0.773529 0.235677 0.093627 0.030599
5 0.773284 0.263184 0.092647 0.030273
5 0.773652 0.291341 0.093382 0.030599
5 0.774510 0.319336 0.093137 0.030599
5 0.774265 0.347331 0.093627 0.029948
5 0.775123 0.375000 0.093873 0.029297
5 0.775245 0.402832 0.093627 0.028320
5 0.775490 0.431315 0.093627 0.029948
5 0.776225 0.459473 0.094608 0.028320
5 0.775980 0.487956 0.093627 0.028646
5 0.776961 0.516113 0.094118 0.028971
5 0.777328 0.544271 0.094853 0.028646
5 0.777206 0.572428 0.095098 0.027669
5 0.777696 0.600586 0.094118 0.027995
5 0.861152 0.211914 0.084069 0.030599
5 0.861397 0.238118 0.084069 0.030924
5 0.861765 0.266113 0.084804 0.030924
5 0.862010 0.293132 0.084314 0.030924
5 0.862623 0.320475 0.085049 0.030924
5 0.863113 0.348633 0.085539 0.030599
5 0.863848 0.376302 0.085049 0.028646
5 0.864461 0.403646 0.085294 0.029297
5 0.865564 0.431315 0.087500 0.029297
5 0.866054 0.459798 0.086520 0.028971
5 0.866544 0.487630 0.087010 0.028646
5 0.866667 0.514648 0.086765 0.028646
5 0.866789 0.543132 0.087500 0.028320
5 0.867647 0.571615 0.087255 0.027344
5 0.867525 0.599447 0.087010 0.029622
7 0.185049 0.189779 0.025490 0.022786
7 0.193873 0.215007 0.045588 0.029622
7 0.193382 0.246419 0.042157 0.028646
7 0.198897 0.278971 0.052206 0.023438
7 0.191912 0.305990 0.044118 0.030599
7 0.184314 0.336426 0.026961 0.024414
7 0.185294 0.368490 0.028431 0.024740
7 0.193015 0.397461 0.039461 0.027995
7 0.185662 0.424642 0.026225 0.025065
7 0.194363 0.458008 0.046569 0.033854
7 0.190686 0.487467 0.041667 0.025716
7 0.199265 0.517253 0.058824 0.035807
7 0.199265 0.548503 0.056373 0.037109
7 0.189583 0.571940 0.032108 0.029948
7 0.202941 0.600749 0.052941 0.033529
7 0.193995 0.630208 0.034069 0.024089
7 0.199510 0.657064 0.053431 0.030924
7 0.193382 0.689779 0.041176 0.039714
7 0.198529 0.716309 0.047059 0.030924
7 0.204657 0.746745 0.049510 0.029948
7 0.199510 0.776042 0.053431 0.039062
7 0.188358 0.804199 0.029167 0.025716
7 0.193873 0.831868 0.045098 0.028320
7 0.197549 0.858398 0.045098 0.027344
7 0.200858 0.888835 0.051225 0.030273
7 0.273407 0.189128 0.029657 0.027344
7 0.274387 0.220215 0.036029 0.027669
7 0.278431 0.247559 0.043137 0.029622
7 0.274020 0.279297 0.029412 0.026042
7 0.280760 0.307454 0.047794 0.027669
7 0.283701 0.337240 0.051716 0.026693
7 0.279412 0.369141 0.044608 0.028646
7 0.280392 0.397461 0.046078 0.029297
7 0.273897 0.426432 0.042402 0.029948
7 0.270221 0.456217 0.032598 0.024414
7 0.271201 0.491536 0.031127 0.033203
7 0.282966 0.518717 0.054657 0.034831
7 0.273407 0.547689 0.038971 0.039388
7 0.277451 0.575521 0.042157 0.026693
7 0.280760 0.603190 0.052696 0.025391
7 0.277451 0.630859 0.043627 0.029297
7 0.281373 0.664551 0.051961 0.038737
7 0.278922 0.687663 0.044118 0.028971
7 0.284559 0.716309 0.054412 0.032878
7 0.277941 0.745931 0.050000 0.028320
7 0.280637 0.779134 0.050490 0.038737
7 0.282843 0.800456 0.050980 0.030599
7 0.282721 0.831706 0.051716 0.031901
7 0.269975 0.862305 0.027696 0.022786
7 0.278064 0.890951 0.040441 0.026042
7 0.388603 0.186686 0.049265 0.029622
7 0.381618 0.217611 0.031863 0.024414
7 0.392034 0.247233 0.042402 0.027669
7 0.388603 0.278483 0.042892 0.028971
7 0.378431 0.311523 0.027451 0.020182
7 0.385784 0.341309 0.040686 0.036784
7 0.469485 0.192383 0.040441 0.031250
7 0.470588 0.226562 0.043627 0.042318
7 0.465686 0.254069 0.040686 0.032878
7 0.466422 0.280273 0.039216 0.031250
7 0.469730 0.310872 0.047794 0.028646
7 0.465196 0.339193 0.037255 0.026693
9 0.163113 0.191732 0.006127 0.013672
9 0.162255 0.220866 0.007843 0.013997
9 0.162255 0.250814 0.006863 0.014648
9 0.162745 0.280762 0.007843 0.012695
9 0.162377 0.310384 0.007598 0.014648
9 0.162377 0.340332 0.008578 0.013997
9 0.162745 0.369629 0.006863 0.013346
9 0.162745 0.399089 0.006863 0.014323
9 0.162500 0.428060 0.007353 0.013021
9 0.165931 0.457682 0.011765 0.013672
9 0.164951 0.487467 0.011275 0.015299
9 0.165686 0.516439 0.011275 0.013997
9 0.165196 0.545736 0.011275 0.013346
9 0.165441 0.574707 0.012255 0.013346
9 0.165196 0.603678 0.010784 0.013997
9 0.165196 0.633138 0.012255 0.012370
9 0.165196 0.661784 0.011765 0.014323
9 0.165074 0.691406 0.012010 0.012370
9 0.165196 0.720215 0.012745 0.013346
9 0.164951 0.748861 0.012255 0.013346
9 0.164093 0.778158 0.012010 0.013346
9 0.164216 0.807454 0.012255 0.013346
9 0.164093 0.835775 0.012500 0.013997
9 0.164093 0.864909 0.012990 0.013021
9 0.164093 0.893717 0.012990 0.013346
9 0.357353 0.190918 0.013235 0.013997
9 0.356863 0.221191 0.012255 0.013997
9 0.356495 0.251302 0.013480 0.013672
9 0.356740 0.281087 0.012990 0.013997
9 0.356618 0.311523 0.012255 0.013021
9 0.355637 0.341309 0.012255 0.013997
9 0.356127 0.371582 0.013725 0.015299
9 0.356005 0.401530 0.012500 0.011393
9 0.356005 0.431641 0.011520 0.012370
9 0.356250 0.460124 0.012990 0.013997
9 0.355882 0.490072 0.013725 0.013997
9 0.355760 0.519694 0.012990 0.014648
9 0.356127 0.549642 0.013725 0.013346
9 0.355882 0.578939 0.013235 0.013997
9 0.356127 0.608561 0.013725 0.013346
9 0.355392 0.637370 0.012255 0.013672
9 0.355760 0.666504 0.012990 0.014648
9 0.355637 0.695638 0.013235 0.013021
9 0.356005 0.724609 0.013480 0.013021
9 0.355760 0.753255 0.013971 0.013672
9 0.355637 0.782064 0.012255 0.013997
9 0.355392 0.810547 0.013235 0.014323
9 0.355392 0.840007 0.012255 0.013346
9 0.355392 0.867676 0.011275 0.013346
9 0.355025 0.895671 0.013480 0.014648
9 0.555760 0.215169 0.011520 0.013021
9 0.555637 0.243001 0.010784 0.012044
9 0.555882 0.270020 0.011275 0.013346
9 0.555760 0.298340 0.011520 0.012695
9 0.555882 0.327311 0.011275 0.013346
9 0.556863 0.354492 0.011275 0.013672
9 0.556250 0.383464 0.011029 0.012370
9 0.556985 0.411458 0.012010 0.013021
9 0.556495 0.439290 0.011520 0.012695
9 0.556740 0.467285 0.012010 0.012695
9 0.556618 0.495117 0.011765 0.014323
9 0.556985 0.522786 0.011520 0.013672
9 0.556863 0.551107 0.011765 0.014323
9 0.557230 0.580078 0.012010 0.012370
9 0.557598 0.607910 0.011765 0.012695
9 0.635662 0.638835 0.031127 0.015299
9 0.796446 0.649577 0.103186 0.015951
9 0.739461 0.678874 0.007843 0.013346
9 0.739461 0.705078 0.006863 0.014323
9 0.740196 0.732910 0.007353 0.014648
9 0.740564 0.760091 0.008578 0.013021
9 0.740196 0.786621 0.007353 0.013346
9 0.740809 0.813965 0.007598 0.014648
9 0.740564 0.840983 0.008578 0.013346
9 0.740931 0.868164 0.007843 0.014323
9 0.759926 0.896647 0.007598 0.011393
9 0.781740 0.896159 0.008088 0.011719
9 0.803431 0.896647 0.008333 0.012044
9 0.823407 0.894857 0.008088 0.013021
9 0.844485 0.894206 0.007108 0.011719
9 0.865074 0.892904 0.007108 0.013021
9 0.885049 0.893880 0.009314 0.013672
9 0.904412 0.889974 0.007353 0.013021
9 0.836029 0.180990 0.028431 0.017578
9 0.830392 0.131510 0.040686 0.019531
9 0.557230 0.131999 0.024755 0.013997
9 0.572794 0.155111 0.053431 0.015951
9 0.556495 0.180990 0.021814 0.013672
9 0.168382 0.099935 0.027451 0.016276
9 0.167892 0.127116 0.025980 0.015951
9 0.173162 0.154622 0.037500 0.018229
9 0.445833 0.104492 0.028431 0.018229
9 0.446201 0.130534 0.028186 0.018229
8 0.177941 0.191243 0.012745 0.017253
8 0.190074 0.189779 0.015441 0.021484
8 0.181005 0.215820 0.018873 0.029948
8 0.194853 0.215983 0.012745 0.025716
8 0.207598 0.216960 0.017647 0.025065
8 0.181373 0.247233 0.018627 0.027669
8 0.196814 0.252279 0.014706 0.016276
8 0.207108 0.245443 0.014216 0.027344
8 0.181740 0.279297 0.018382 0.026042
8 0.195221 0.279297 0.012010 0.023438
8 0.212623 0.278646 0.024265 0.023438
8 0.178676 0.305501 0.019118 0.029622
8 0.193137 0.311361 0.011765 0.016602
8 0.203922 0.304688 0.018627 0.027995
8 0.178064 0.337728 0.014951 0.023112
8 0.190564 0.336426 0.014951 0.022461
8 0.177206 0.371257 0.014216 0.018555
8 0.188971 0.367350 0.018137 0.023763
8 0.180882 0.396973 0.013235 0.023112
8 0.189951 0.399740 0.009804 0.016276
8 0.198775 0.401530 0.009804 0.015299
8 0.205637 0.397786 0.015196 0.024740
8 0.179167 0.423665 0.012745 0.021810
8 0.190809 0.424967 0.012990 0.025065
8 0.179412 0.454427 0.017647 0.027344
8 0.192279 0.464518 0.012500 0.023438
8 0.205760 0.455566 0.021324 0.025716
8 0.178064 0.486654 0.016422 0.024740
8 0.191176 0.484375 0.013725 0.022786
8 0.203922 0.485514 0.012745 0.021159
8 0.178676 0.513835 0.016667 0.026367
8 0.191544 0.519694 0.011029 0.013997
8 0.203064 0.524089 0.013971 0.024089
8 0.216422 0.512858 0.025000 0.027669
8 0.179902 0.544434 0.017157 0.027018
8 0.192157 0.551270 0.012745 0.016602
8 0.204044 0.555339 0.012500 0.024740
8 0.216054 0.545410 0.021814 0.021159
8 0.183211 0.570150 0.018382 0.025065
8 0.197181 0.572754 0.012990 0.025065
8 0.187868 0.600098 0.018382 0.030273
8 0.201348 0.607096 0.009069 0.014323
8 0.209314 0.607096 0.007843 0.013021
8 0.219240 0.601888 0.014951 0.020182
8 0.185172 0.633138 0.013480 0.014974
8 0.199510 0.629232 0.019608 0.020182
8 0.183456 0.658366 0.019363 0.025716
8 0.196446 0.662598 0.009559 0.015951
8 0.206127 0.657064 0.010784 0.031576
8 0.218015 0.660482 0.015441 0.022135
8 0.183211 0.684733 0.019363 0.028971
8 0.199265 0.694987 0.013235 0.029948
8 0.208211 0.684733 0.010049 0.028971
8 0.187255 0.716309 0.020588 0.029622
8 0.202941 0.716309 0.013725 0.031576
8 0.214093 0.715495 0.014951 0.025391
8 0.187377 0.748535 0.012500 0.015299
8 0.199877 0.749349 0.012990 0.016927
8 0.211275 0.746582 0.014706 0.024414
8 0.223897 0.746419 0.012990 0.026042
8 0.183824 0.771973 0.020588 0.029622
8 0.200123 0.778971 0.012500 0.016276
8 0.210294 0.781738 0.010784 0.027669
8 0.218995 0.775716 0.011520 0.022786
8 0.180760 0.807292 0.012010 0.014323
8 0.194240 0.803548 0.014951 0.022461
8 0.182966 0.831380 0.020833 0.026693
8 0.199755 0.832520 0.014706 0.023112
8 0.211029 0.829753 0.008333 0.022135
8 0.182353 0.857747 0.012745 0.024740
8 0.193750 0.861816 0.011029 0.016602
8 0.203431 0.863281 0.010294 0.012370
8 0.212868 0.860026 0.012990 0.017578
8 0.183701 0.887370 0.014461 0.024740
8 0.197059 0.892904 0.010784 0.018229
8 0.207843 0.889323 0.011275 0.024089
8 0.219363 0.889811 0.012255 0.022461
8 0.264093 0.191569 0.010049 0.015951
8 0.277574 0.188477 0.018873 0.024740
8 0.263971 0.219727 0.013235 0.026042
8 0.280025 0.220703 0.021814 0.019531
8 0.265931 0.247559 0.016176 0.027669
8 0.278431 0.252279 0.009804 0.014323
8 0.291054 0.250163 0.014951 0.019206
8 0.266544 0.278971 0.014461 0.022135
8 0.278431 0.279134 0.013235 0.026367
8 0.265686 0.307780 0.016667 0.026367
8 0.278186 0.312174 0.009314 0.012370
8 0.292892 0.308919 0.022549 0.022135
8 0.267157 0.338867 0.018137 0.024740
8 0.282721 0.337565 0.015441 0.026042
8 0.297549 0.336914 0.021569 0.022135
8 0.264828 0.366374 0.013480 0.022461
8 0.275613 0.371257 0.010539 0.014648
8 0.284804 0.372396 0.010294 0.013672
8 0.293505 0.370931 0.014951 0.023763
8 0.267279 0.397949 0.016422 0.028971
8 0.280147 0.396322 0.012255 0.025065
8 0.294118 0.400391 0.015196 0.018229
8 0.261887 0.427083 0.016912 0.029948
8 0.274265 0.427246 0.013235 0.023112
8 0.287132 0.427246 0.013971 0.020508
8 0.263603 0.455892 0.015931 0.021159
8 0.278309 0.455892 0.013480 0.021159
8 0.262623 0.494792 0.011520 0.028646
8 0.275613 0.484863 0.021324 0.021159
8 0.263971 0.513997 0.014216 0.024740
8 0.275123 0.519368 0.011029 0.017253
8 0.285049 0.526367 0.009804 0.022786
8 0.298162 0.516764 0.022794 0.019857
8 0.263358 0.543294 0.018382 0.031250
8 0.275980 0.554362 0.009314 0.027344
8 0.285539 0.549154 0.013725 0.020833
8 0.265074 0.575195 0.017402 0.025391
8 0.277941 0.580566 0.011275 0.015299
8 0.288725 0.573568 0.017157 0.022786
8 0.263603 0.601562 0.015931 0.023438
8 0.275490 0.604004 0.010294 0.014648
8 0.286275 0.605143 0.009804 0.014323
8 0.297917 0.603190 0.015931 0.018880
8 0.266544 0.630208 0.019363 0.028646
8 0.280760 0.634277 0.012500 0.015951
8 0.291176 0.629557 0.015686 0.024089
8 0.265319 0.659017 0.016912 0.027669
8 0.276593 0.665690 0.009559 0.014974
8 0.286029 0.671387 0.009804 0.025716
8 0.296446 0.659017 0.021324 0.026367
8 0.266054 0.686523 0.016912 0.026042
8 0.280882 0.688151 0.012255 0.024740
8 0.292770 0.690755 0.016422 0.022135
8 0.269485 0.715332 0.021814 0.030273
8 0.284436 0.722168 0.011029 0.015299
8 0.294363 0.717448 0.014706 0.022135
8 0.304779 0.717122 0.012500 0.022786
8 0.262623 0.745931 0.017892 0.028971
8 0.276103 0.746257 0.012990 0.026367
8 0.291054 0.745443 0.021814 0.022135
8 0.265441 0.773112 0.018137 0.026693
8 0.279167 0.779785 0.011275 0.015299
8 0.289461 0.785482 0.010784 0.027995
8 0.298529 0.776530 0.013235 0.024414
8 0.265686 0.800130 0.015196 0.029297
8 0.277819 0.805339 0.010049 0.017578
8 0.288480 0.802572 0.011765 0.023112
8 0.300000 0.801595 0.013235 0.021159
8 0.266176 0.830241 0.016667 0.025716
8 0.279534 0.833171 0.011029 0.016602
8 0.290319 0.835286 0.011520 0.014974
8 0.300490 0.832520 0.013235 0.025716
8 0.262868 0.866211 0.010049 0.013672
8 0.273162 0.861328 0.016912 0.019531
8 0.262500 0.892090 0.009314 0.017904
8 0.269975 0.892578 0.009069 0.016927
8 0.278676 0.889974 0.011275 0.024089
8 0.290196 0.890462 0.013235 0.021159
8 0.372794 0.187500 0.015686 0.027995
8 0.383578 0.192546 0.009314 0.013997
8 0.393015 0.187826 0.011520 0.025391
8 0.404657 0.187663 0.013725 0.021810
8 0.372672 0.219238 0.013971 0.023763
8 0.387745 0.218913 0.018627 0.020508
8 0.378554 0.245931 0.016422 0.024414
8 0.390809 0.251302 0.012500 0.018880
8 0.403554 0.245605 0.017892 0.025065
8 0.373897 0.277669 0.014951 0.025391
8 0.388480 0.277344 0.015686 0.024740
8 0.402328 0.277018 0.013971 0.027344
8 0.371201 0.310710 0.012990 0.015299
8 0.384436 0.310872 0.014951 0.019531
8 0.374142 0.336589 0.014951 0.024089
8 0.386152 0.345866 0.011029 0.026367
8 0.396201 0.335938 0.017892 0.025391
8 0.457966 0.190918 0.016422 0.028320
8 0.469608 0.198079 0.010294 0.015951
8 0.480882 0.196615 0.015686 0.020182
8 0.456127 0.220215 0.016176 0.027669
8 0.469363 0.232910 0.013235 0.030924
8 0.477696 0.223470 0.006863 0.027018
8 0.485417 0.227214 0.012500 0.016276
8 0.454534 0.252116 0.016912 0.028320
8 0.469363 0.253092 0.013725 0.025716
8 0.479779 0.257324 0.007598 0.026367
8 0.455882 0.277669 0.015686 0.026042
8 0.470221 0.286947 0.013971 0.013997
8 0.479902 0.282715 0.008333 0.025716
8 0.454534 0.310221 0.016422 0.026693
8 0.466912 0.315430 0.011275 0.014323
8 0.477574 0.309733 0.010049 0.023112
8 0.487010 0.314616 0.011765 0.012044
8 0.451103 0.339681 0.006127 0.023763
8 0.459681 0.341309 0.011029 0.007487
8 0.473162 0.339681 0.019363 0.025065
