1 0.323529 0.102376 0.407353 0.107096
1 0.733701 0.133626 0.389951 0.106445
2 0.736642 0.416504 0.395833 0.463216
2 0.323652 0.563802 0.417402 0.813802
3 0.644730 0.809408 0.206127 0.322591
4 0.845833 0.800456 0.200490 0.292969
5 0.171936 0.174642 0.108088 0.028971
5 0.272549 0.170410 0.093137 0.030273
5 0.171201 0.204753 0.107108 0.031250
5 0.272059 0.202311 0.092157 0.031576
5 0.373775 0.172201 0.108824 0.033854
5 0.474510 0.184082 0.093627 0.051758
5 0.373039 0.202474 0.110294 0.035807
5 0.170588 0.235840 0.108333 0.030924
5 0.272181 0.233398 0.093873 0.032552
5 0.373529 0.234701 0.109804 0.037109
5 0.474142 0.213867 0.094363 0.048177
5 0.170098 0.267253 0.108824 0.029948
5 0.170221 0.298503 0.108578 0.030599
5 0.170343 0.329590 0.108824 0.029622
5 0.170221 0.361979 0.107598 0.029948
5 0.170098 0.393717 0.106373 0.031576
5 0.170098 0.425944 0.106373 0.032878
5 0.170466 0.458333 0.107108 0.032552
5 0.169853 0.489583 0.106863 0.031250
5 0.169608 0.521159 0.107353 0.033203
5 0.168995 0.552572 0.107598 0.032227
5 0.168873 0.584635 0.107353 0.033203
5 0.168873 0.615234 0.107353 0.035156
5 0.168627 0.646973 0.106863 0.034831
5 0.168995 0.678548 0.107598 0.033529
5 0.168137 0.711100 0.107353 0.034831
5 0.167525 0.742839 0.107598 0.035156
5 0.167402 0.774089 0.106373 0.034505
5 0.167034 0.805664 0.107108 0.035807
5 0.167647 0.837402 0.106863 0.036133
5 0.166912 0.868978 0.106373 0.034831
5 0.167157 0.900879 0.106863 0.035482
5 0.166789 0.932292 0.106127 0.036458
5 0.271324 0.264811 0.093137 0.032227
5 0.269975 0.297363 0.094853 0.032878
5 0.270588 0.329915 0.093627 0.032227
5 0.270343 0.361816 0.092647 0.030924
5 0.270098 0.393880 0.092647 0.031901
5 0.269853 0.425130 0.092157 0.032552
5 0.270343 0.458496 0.092647 0.030924
5 0.269363 0.489909 0.093137 0.032552
5 0.268995 0.522461 0.093873 0.032552
5 0.269240 0.554362 0.092892 0.034505
5 0.268627 0.586263 0.093137 0.035156
5 0.268505 0.618490 0.091912 0.035807
5 0.268137 0.650553 0.094118 0.036784
5 0.267770 0.682943 0.093382 0.037109
5 0.268260 0.714355 0.092402 0.038086
5 0.268260 0.746582 0.092402 0.035482
5 0.267525 0.778158 0.092402 0.036784
5 0.267525 0.809733 0.093873 0.036784
5 0.266789 0.841797 0.093873 0.037760
5 0.266912 0.874023 0.093627 0.037109
5 0.266422 0.905599 0.094608 0.038411
5 0.266912 0.937337 0.093627 0.038737
5 0.372917 0.266439 0.109559 0.035482
5 0.371691 0.298340 0.110049 0.036133
5 0.371324 0.330566 0.109314 0.035482
5 0.371569 0.363281 0.110294 0.037109
5 0.371936 0.395508 0.109559 0.033854
5 0.371569 0.427897 0.110294 0.033529
5 0.370711 0.459310 0.109559 0.034505
5 0.370711 0.491048 0.108578 0.032878
5 0.370956 0.524740 0.110049 0.033203
5 0.369975 0.557292 0.108088 0.033203
5 0.369485 0.588542 0.109559 0.035807
5 0.369363 0.620768 0.109804 0.035156
5 0.368873 0.652832 0.108824 0.034831
5 0.368750 0.686198 0.108088 0.035807
5 0.368260 0.719238 0.109069 0.036784
5 0.368750 0.751139 0.109559 0.036133
5 0.368382 0.783040 0.107843 0.036133
5 0.368137 0.814290 0.108333 0.035482
5 0.367770 0.846842 0.109069 0.037435
5 0.367892 0.878906 0.108333 0.034505
5 0.367525 0.910482 0.109069 0.036458
5 0.367034 0.942057 0.109069 0.034505
5 0.474755 0.244629 0.093137 0.047852
5 0.474877 0.276042 0.094363 0.046224
5 0.474877 0.306315 0.095833 0.044271
5 0.474510 0.336914 0.096569 0.042318
5 0.474632 0.368164 0.096814 0.041667
5 0.474020 0.399251 0.098039 0.040690
5 0.474387 0.431803 0.096814 0.038737
5 0.474265 0.462891 0.096078 0.035807
5 0.474387 0.494629 0.096814 0.036133
5 0.474877 0.527018 0.098775 0.034505
5 0.474755 0.557454 0.100000 0.034831
5 0.475368 0.591309 0.100735 0.032227
5 0.474877 0.622396 0.101716 0.031901
5 0.474142 0.653483 0.100245 0.036133
5 0.474265 0.686361 0.100000 0.036133
5 0.473162 0.717936 0.101716 0.036133
5 0.472549 0.750651 0.101961 0.037760
5 0.474020 0.782715 0.103431 0.038737
5 0.473162 0.815267 0.103676 0.036784
5 0.473039 0.848145 0.103431 0.038086
5 0.473407 0.879395 0.102696 0.036784
5 0.472794 0.912435 0.102451 0.036458
5 0.472549 0.944987 0.100980 0.036458
5 0.593260 0.198568 0.102696 0.031901
5 0.593015 0.227376 0.103676 0.034831
5 0.593505 0.257324 0.104167 0.036784
5 0.594853 0.286133 0.103431 0.033854
5 0.595343 0.316081 0.102941 0.033854
5 0.594853 0.345215 0.103431 0.036133
5 0.595466 0.375326 0.104167 0.036458
5 0.596446 0.405762 0.103676 0.033529
5 0.595833 0.435872 0.103431 0.032552
5 0.596569 0.467285 0.103431 0.034180
5 0.597549 0.497233 0.105392 0.034180
5 0.598652 0.527832 0.104167 0.033529
5 0.598162 0.558757 0.104167 0.034180
5 0.598775 0.590332 0.104412 0.034180
5 0.599632 0.621419 0.104167 0.032552
5 0.688971 0.196452 0.089706 0.031576
5 0.688971 0.225586 0.089706 0.031250
5 0.689706 0.254883 0.089706 0.034505
5 0.691054 0.285156 0.090931 0.033203
5 0.691054 0.314616 0.089951 0.032227
5 0.691667 0.344889 0.090196 0.033529
5 0.692034 0.375163 0.091912 0.032227
5 0.693015 0.405436 0.090931 0.031576
5 0.693382 0.435384 0.090686 0.030273
5 0.694118 0.465658 0.090686 0.032227
5 0.694730 0.495605 0.090441 0.030924
5 0.695221 0.527344 0.091422 0.032552
5 0.696078 0.556966 0.091667 0.030599
5 0.696814 0.588542 0.090686 0.030599
5 0.696814 0.619792 0.091667 0.031901
5 0.781495 0.201009 0.097794 0.033529
5 0.782230 0.227376 0.097794 0.033529
5 0.782475 0.258464 0.098775 0.034505
5 0.783578 0.287109 0.098039 0.033203
5 0.783946 0.316569 0.097304 0.030924
5 0.784926 0.346029 0.098284 0.029948
5 0.786275 0.376302 0.098039 0.030599
5 0.786397 0.406087 0.099265 0.032227
5 0.787010 0.436198 0.098039 0.031250
5 0.787255 0.465495 0.097549 0.030599
5 0.788725 0.496094 0.099020 0.029948
5 0.789583 0.527018 0.100735 0.030599
5 0.790441 0.556803 0.099020 0.030924
5 0.790441 0.586589 0.099020 0.032552
5 0.791912 0.618001 0.098039 0.033529
5 0.873407 0.205078 0.088480 0.034505
5 0.873775 0.232910 0.089216 0.033529
5 0.874877 0.260905 0.089951 0.033529
5 0.876225 0.290690 0.090196 0.033854
5 0.877206 0.319499 0.092157 0.033529
5 0.877941 0.349121 0.092157 0.032227
5 0.879289 0.377441 0.090931 0.031576
5 0.879289 0.406901 0.091912 0.031250
5 0.879902 0.436198 0.090686 0.031250
5 0.880515 0.465658 0.090441 0.030924
5 0.882598 0.495443 0.090686 0.029297
5 0.883333 0.524740 0.090686 0.029948
5 0.884069 0.555176 0.091667 0.028971
5 0.884436 0.584798 0.092402 0.028971
5 0.886029 0.615723 0.090686 0.030924
6 0.214338 0.556152 0.198775 0.802409
6 0.420221 0.557292 0.213971 0.807943
6 0.641422 0.410807 0.206863 0.451823
6 0.833211 0.410319 0.199755 0.450846
0 0.510539 0.506836 0.909314 0.986328
7 0.161275 0.176921 0.028431 0.028320
7 0.153799 0.209635 0.026225 0.026042
7 0.159069 0.238770 0.046078 0.030273
7 0.156250 0.271322 0.045343 0.030273
7 0.159314 0.303548 0.042157 0.029622
7 0.163480 0.340007 0.045098 0.045898
7 0.163848 0.371745 0.055147 0.040365
7 0.151716 0.400065 0.026961 0.029297
7 0.152083 0.430013 0.030637 0.027344
7 0.160784 0.462402 0.045588 0.033529
7 0.162377 0.493652 0.047794 0.027669
7 0.155882 0.523438 0.027941 0.029948
7 0.175980 0.556478 0.078431 0.032227
7 0.173284 0.587891 0.076961 0.033203
7 0.155882 0.619954 0.031863 0.025716
7 0.156618 0.648926 0.039216 0.034831
7 0.164216 0.683594 0.054412 0.024089
7 0.155025 0.714193 0.038480 0.029948
7 0.163603 0.744954 0.055637 0.027018
7 0.161642 0.777507 0.049755 0.033529
7 0.162132 0.808431 0.052206 0.030273
7 0.155025 0.841634 0.042402 0.030273
7 0.160417 0.872721 0.052206 0.035156
7 0.158824 0.901530 0.046569 0.032227
7 0.159804 0.933919 0.040686 0.029948
7 0.250245 0.937988 0.055392 0.031576
7 0.243750 0.906413 0.042402 0.032227
7 0.243260 0.877604 0.045833 0.031901
7 0.244485 0.842122 0.045343 0.031250
7 0.250490 0.812337 0.054902 0.030924
7 0.246324 0.778809 0.049020 0.034180
7 0.247181 0.748047 0.047794 0.033203
7 0.256250 0.718262 0.065931 0.030924
7 0.255147 0.686035 0.061275 0.028971
7 0.244363 0.654297 0.043627 0.034505
7 0.248652 0.624023 0.051225 0.029297
7 0.251838 0.594889 0.050735 0.038737
7 0.262623 0.557129 0.080147 0.033529
7 0.247181 0.525228 0.051225 0.032227
7 0.243137 0.491374 0.042157 0.030924
7 0.253799 0.462240 0.058578 0.030599
7 0.249265 0.426921 0.052451 0.028320
7 0.245221 0.396647 0.039461 0.030273
7 0.251593 0.367025 0.052696 0.029622
7 0.248652 0.338704 0.048284 0.036784
7 0.248284 0.301270 0.047549 0.031576
7 0.243627 0.269857 0.029902 0.022135
7 0.250000 0.236816 0.044118 0.037435
7 0.242525 0.206217 0.027696 0.025065
7 0.249387 0.175781 0.040441 0.030599
7 0.369853 0.172363 0.056863 0.032878
7 0.371936 0.204915 0.058088 0.032878
7 0.367647 0.238607 0.049020 0.032552
7 0.362623 0.267090 0.034559 0.027669
7 0.363480 0.301432 0.041667 0.027995
7 0.374877 0.332682 0.062010 0.032552
7 0.371814 0.367025 0.064216 0.030924
7 0.366299 0.399414 0.055637 0.032552
7 0.367525 0.431152 0.061029 0.032227
7 0.363358 0.465820 0.050245 0.031901
7 0.355025 0.502279 0.026716 0.039062
7 0.354534 0.538574 0.033088 0.039388
7 0.359436 0.569010 0.033578 0.041667
7 0.368260 0.590495 0.062990 0.035156
7 0.361765 0.622884 0.050000 0.036133
7 0.364216 0.656738 0.045098 0.035482
7 0.365441 0.691081 0.048039 0.039062
7 0.463358 0.178711 0.061029 0.039714
7 0.460907 0.211914 0.060049 0.037760
7 0.451716 0.241374 0.036765 0.031576
7 0.459069 0.275391 0.056373 0.036458
7 0.453309 0.304525 0.048284 0.033529
7 0.456618 0.336100 0.056373 0.032878
7 0.459926 0.370768 0.057108 0.035156
7 0.443995 0.400391 0.033578 0.031250
7 0.454779 0.433268 0.052696 0.033203
7 0.445711 0.465983 0.039461 0.027669
7 0.442157 0.496094 0.032353 0.035156
7 0.450368 0.527507 0.043382 0.025065
7 0.449755 0.562988 0.047059 0.032878
7 0.453922 0.594076 0.052451 0.034505
7 0.442892 0.629069 0.032353 0.032878
7 0.445098 0.662435 0.039216 0.037109
7 0.450858 0.693685 0.046324 0.031250
8 0.154412 0.176758 0.014216 0.026693
8 0.167770 0.177572 0.012990 0.025065
8 0.149020 0.214030 0.013725 0.017253
8 0.160417 0.209473 0.011520 0.026367
8 0.146078 0.238444 0.017647 0.030924
8 0.160907 0.238770 0.010539 0.031576
8 0.173529 0.239746 0.014216 0.023112
8 0.144608 0.271647 0.018627 0.028320
8 0.161152 0.278971 0.010049 0.014974
8 0.170833 0.271159 0.017157 0.025391
8 0.147672 0.304362 0.017402 0.026693
8 0.161152 0.302897 0.012010 0.029622
8 0.172672 0.302897 0.013480 0.023763
8 0.150490 0.335286 0.016667 0.029297
8 0.164093 0.345866 0.012010 0.035482
8 0.178186 0.331380 0.015686 0.028646
8 0.146569 0.365885 0.018627 0.028646
8 0.160784 0.371745 0.010784 0.020182
8 0.172059 0.376628 0.014706 0.030599
8 0.184681 0.366699 0.013480 0.030273
8 0.144363 0.400391 0.010784 0.016927
8 0.156005 0.398763 0.013971 0.024740
8 0.147426 0.433757 0.015931 0.017904
8 0.157598 0.428874 0.014706 0.024414
8 0.148162 0.462240 0.016422 0.033203
8 0.162132 0.468262 0.012990 0.018555
8 0.172917 0.462565 0.019363 0.024089
8 0.150123 0.493815 0.017402 0.026693
8 0.163603 0.494466 0.010539 0.011719
8 0.176593 0.495605 0.017402 0.024414
8 0.150490 0.522461 0.013725 0.028646
8 0.162623 0.522949 0.013480 0.025716
8 0.153186 0.558431 0.029412 0.025065
8 0.177574 0.557129 0.016422 0.029622
8 0.187745 0.563314 0.007353 0.017253
8 0.196324 0.556152 0.012745 0.020508
8 0.207598 0.555176 0.012255 0.024414
8 0.150858 0.587077 0.027206 0.029622
8 0.183824 0.589518 0.017647 0.031250
8 0.197917 0.589193 0.011520 0.024740
8 0.206250 0.589518 0.009069 0.027344
8 0.149020 0.622559 0.017647 0.018555
8 0.163603 0.618652 0.013971 0.025716
8 0.146324 0.648275 0.016667 0.033529
8 0.161397 0.652181 0.013480 0.030924
8 0.172426 0.649577 0.007108 0.028971
8 0.142525 0.687174 0.011029 0.016276
8 0.153186 0.687012 0.011765 0.015951
8 0.162745 0.682943 0.011765 0.024740
8 0.179779 0.683105 0.022304 0.022461
8 0.143873 0.713704 0.014216 0.028320
8 0.162255 0.715820 0.023529 0.021484
8 0.141912 0.745931 0.010294 0.019206
8 0.152083 0.749349 0.013971 0.015625
8 0.164461 0.745443 0.011765 0.024089
8 0.181250 0.743490 0.021324 0.022135
8 0.146814 0.777507 0.017157 0.032227
8 0.162623 0.775879 0.012990 0.031576
8 0.176471 0.775228 0.020098 0.026367
8 0.145588 0.806315 0.016667 0.027995
8 0.157230 0.811035 0.009559 0.017253
8 0.168137 0.812988 0.011275 0.020508
8 0.180515 0.808594 0.016422 0.027995
8 0.143505 0.841471 0.019853 0.029297
8 0.161397 0.846354 0.012990 0.017578
8 0.172426 0.840007 0.009069 0.024414
8 0.143873 0.871745 0.018627 0.033203
8 0.157598 0.873372 0.012255 0.029948
8 0.170833 0.873047 0.014706 0.031901
8 0.181618 0.874349 0.010294 0.024089
8 0.144363 0.902344 0.019118 0.030599
8 0.158946 0.909017 0.010049 0.017904
8 0.171691 0.901855 0.017892 0.025716
8 0.148162 0.933757 0.018382 0.030924
8 0.161397 0.933268 0.011520 0.029297
8 0.172549 0.933431 0.013725 0.023763
8 0.236520 0.175781 0.014216 0.029948
8 0.256250 0.176432 0.025245 0.024740
8 0.235049 0.210286 0.012745 0.017578
8 0.248162 0.206217 0.014951 0.025716
8 0.236887 0.238281 0.018382 0.027344
8 0.250858 0.236165 0.012500 0.032878
8 0.263725 0.238281 0.012745 0.022786
8 0.236275 0.271159 0.014216 0.022786
8 0.249755 0.269206 0.016176 0.020182
8 0.233578 0.303223 0.017647 0.030924
8 0.249142 0.302734 0.014951 0.026693
8 0.263358 0.303060 0.016422 0.021484
8 0.234681 0.337891 0.016422 0.028646
8 0.244853 0.336751 0.011275 0.017904
8 0.254412 0.343262 0.012255 0.030273
8 0.266299 0.334310 0.013480 0.028646
8 0.232598 0.365234 0.014706 0.023438
8 0.243505 0.370931 0.010049 0.018555
8 0.254289 0.371257 0.011520 0.016602
8 0.267892 0.366862 0.017157 0.027344
8 0.234069 0.398763 0.014706 0.026693
8 0.253309 0.396322 0.023775 0.028971
8 0.233456 0.429850 0.020343 0.030924
8 0.248529 0.429688 0.014216 0.026693
8 0.264461 0.428060 0.019608 0.024740
8 0.235539 0.462240 0.019118 0.028646
8 0.250980 0.461263 0.014216 0.024740
8 0.263480 0.461100 0.011765 0.027018
8 0.274142 0.462891 0.017402 0.024089
8 0.234681 0.491862 0.017892 0.028646
8 0.247426 0.492513 0.011520 0.028646
8 0.256985 0.492188 0.010539 0.025391
8 0.231005 0.524740 0.014951 0.027995
8 0.241544 0.532227 0.009069 0.014974
8 0.251348 0.527344 0.015931 0.026042
8 0.263603 0.526530 0.015441 0.028971
8 0.243995 0.557617 0.041422 0.031250
8 0.280637 0.562988 0.014706 0.015299
8 0.293995 0.559408 0.015441 0.025065
8 0.238603 0.589030 0.019363 0.025716
8 0.256127 0.601400 0.012745 0.031576
8 0.268750 0.591960 0.014461 0.021810
8 0.233088 0.625488 0.021078 0.025065
8 0.248407 0.624186 0.010049 0.010091
8 0.262868 0.619629 0.020343 0.027018
8 0.231863 0.654297 0.018137 0.033854
8 0.245711 0.654297 0.013971 0.027995
8 0.258211 0.654297 0.011029 0.030599
8 0.230760 0.688314 0.012010 0.019206
8 0.240196 0.690755 0.010294 0.018880
8 0.250123 0.685384 0.013480 0.025065
8 0.270711 0.684733 0.026225 0.028971
8 0.230515 0.719076 0.012500 0.021484
8 0.239583 0.720378 0.011520 0.018880
8 0.252696 0.718099 0.014216 0.028646
8 0.273039 0.717122 0.030392 0.028646
8 0.234069 0.747721 0.021078 0.027344
8 0.250123 0.748047 0.012990 0.030599
8 0.262990 0.753418 0.016667 0.021159
8 0.230392 0.777344 0.015686 0.027995
8 0.244240 0.783040 0.009559 0.015299
8 0.259926 0.781738 0.022794 0.025065
8 0.230760 0.813151 0.016912 0.031901
8 0.243505 0.817220 0.008578 0.017904
8 0.253309 0.816081 0.010539 0.020182
8 0.266544 0.810547 0.020343 0.025391
8 0.231127 0.843099 0.016667 0.026693
8 0.245956 0.841309 0.012500 0.029622
8 0.257843 0.844727 0.015686 0.026693
8 0.228554 0.878418 0.016912 0.031576
8 0.242892 0.881348 0.012745 0.015299
8 0.256863 0.875977 0.018627 0.026693
8 0.230882 0.906250 0.016667 0.030599
8 0.244363 0.914225 0.010294 0.015299
8 0.256495 0.908040 0.016912 0.025065
8 0.232475 0.936849 0.018873 0.029948
8 0.246569 0.942383 0.010784 0.017578
8 0.257108 0.938639 0.010294 0.025716
8 0.268750 0.939290 0.015441 0.025716
8 0.350735 0.172526 0.019118 0.034505
8 0.363971 0.175781 0.010784 0.017578
8 0.377206 0.173828 0.014216 0.027344
8 0.389706 0.174316 0.015196 0.023763
8 0.351961 0.205566 0.018627 0.032227
8 0.367402 0.211263 0.014706 0.017578
8 0.378799 0.208984 0.013971 0.027344
8 0.392525 0.208008 0.014951 0.023438
8 0.355637 0.237467 0.022059 0.025716
8 0.371446 0.239421 0.011520 0.027669
8 0.383946 0.238444 0.017402 0.030924
8 0.352941 0.266764 0.017157 0.028320
8 0.370221 0.268880 0.018873 0.023438
8 0.351838 0.301921 0.015441 0.025065
8 0.371691 0.300293 0.024755 0.023763
8 0.355515 0.332194 0.020343 0.028971
8 0.369240 0.337402 0.011520 0.019206
8 0.382230 0.337565 0.013971 0.019531
8 0.395833 0.333333 0.017647 0.027344
8 0.351225 0.365885 0.021078 0.027344
8 0.368015 0.372721 0.012500 0.018229
8 0.379779 0.368001 0.014951 0.023763
8 0.395833 0.367839 0.013235 0.019531
8 0.348897 0.397624 0.018873 0.029622
8 0.361397 0.403320 0.011029 0.016927
8 0.371814 0.399414 0.015686 0.030599
8 0.384681 0.397949 0.016912 0.027018
8 0.347794 0.431478 0.020098 0.028320
8 0.363603 0.430501 0.011029 0.029622
8 0.377696 0.432943 0.018137 0.021484
8 0.391054 0.436849 0.012990 0.018880
8 0.348652 0.465332 0.020833 0.028971
8 0.365686 0.468750 0.012255 0.017578
8 0.379044 0.466634 0.016422 0.021810
8 0.348529 0.505697 0.011765 0.032878
8 0.360294 0.497559 0.014216 0.028320
8 0.344485 0.541504 0.014951 0.038086
8 0.360294 0.529460 0.022059 0.020508
8 0.350123 0.570801 0.014951 0.034831
8 0.366789 0.560384 0.016912 0.024414
8 0.350000 0.588542 0.025000 0.032552
8 0.364216 0.596517 0.013235 0.017904
8 0.376593 0.591960 0.012500 0.027669
8 0.391667 0.589681 0.015196 0.030273
8 0.346936 0.624023 0.019853 0.032552
8 0.363235 0.622559 0.012745 0.033529
8 0.376716 0.619629 0.017157 0.027669
8 0.351348 0.659342 0.014951 0.029622
8 0.364216 0.658040 0.010294 0.017904
8 0.372672 0.654622 0.007108 0.028646
8 0.381618 0.657552 0.008824 0.021484
8 0.351348 0.689128 0.017402 0.032552
8 0.365196 0.694499 0.011765 0.022461
8 0.375245 0.689290 0.012745 0.036133
8 0.385784 0.689290 0.008824 0.026367
8 0.432966 0.694173 0.008578 0.028320
8 0.445956 0.695150 0.015441 0.013346
8 0.461642 0.692057 0.017892 0.024089
8 0.433701 0.662598 0.017892 0.035482
8 0.448775 0.659831 0.013235 0.031901
8 0.460172 0.660319 0.008578 0.029622
8 0.434314 0.628581 0.016667 0.024089
8 0.448775 0.627604 0.014216 0.029297
8 0.439461 0.594727 0.021569 0.031901
8 0.454167 0.593587 0.010784 0.034180
8 0.468015 0.592773 0.018382 0.030599
8 0.436029 0.562988 0.020098 0.028971
8 0.452083 0.560872 0.012990 0.031250
8 0.464828 0.562500 0.014461 0.025391
8 0.438848 0.527507 0.014951 0.020508
8 0.458946 0.527507 0.025245 0.021810
8 0.435907 0.499512 0.016422 0.031576
8 0.449142 0.495931 0.016422 0.033529
8 0.434069 0.466634 0.015686 0.019206
8 0.453431 0.466146 0.025000 0.021484
8 0.439951 0.433919 0.020588 0.031250
8 0.457353 0.433431 0.016176 0.027669
8 0.472549 0.431152 0.014216 0.030273
8 0.435662 0.400228 0.013971 0.027669
8 0.449755 0.400553 0.016667 0.030273
8 0.442157 0.368490 0.020098 0.025391
8 0.460172 0.369954 0.016422 0.027669
8 0.476593 0.371745 0.022794 0.027995
8 0.438971 0.335938 0.020588 0.028646
8 0.454534 0.341471 0.011520 0.016276
8 0.470466 0.337402 0.026716 0.024414
8 0.438848 0.303223 0.020343 0.028971
8 0.454779 0.308268 0.012500 0.024740
8 0.468750 0.307292 0.016912 0.026693
8 0.440686 0.272949 0.020098 0.028971
8 0.456250 0.277669 0.013480 0.021484
8 0.468260 0.279297 0.009559 0.023438
8 0.477819 0.277669 0.013971 0.026693
8 0.444118 0.240072 0.020588 0.028971
8 0.459804 0.245117 0.017647 0.020182
8 0.440564 0.209961 0.020833 0.033203
8 0.455760 0.218587 0.012500 0.019857
8 0.467525 0.215169 0.014461 0.024089
8 0.482108 0.217773 0.016176 0.024740
8 0.444118 0.177572 0.020588 0.036784
8 0.459069 0.178385 0.015196 0.033854
8 0.474142 0.186198 0.015441 0.026693
8 0.485784 0.184570 0.012255 0.026042
9 0.129044 0.180176 0.011029 0.014648
9 0.128799 0.212402 0.009069 0.013346
9 0.128309 0.243490 0.007108 0.013672
9 0.128064 0.274577 0.006618 0.011393
9 0.127696 0.306478 0.007353 0.013346
9 0.127696 0.337077 0.007353 0.013346
9 0.127083 0.369303 0.008578 0.014648
9 0.127083 0.400879 0.007108 0.013997
9 0.126471 0.431966 0.007843 0.013021
9 0.129044 0.463704 0.013971 0.014648
9 0.128064 0.494141 0.012990 0.014974
9 0.128309 0.526855 0.012500 0.012044
9 0.127206 0.557129 0.014216 0.014648
9 0.127328 0.590007 0.012990 0.013997
9 0.127083 0.621582 0.012500 0.013346
9 0.126838 0.653646 0.012990 0.014323
9 0.126225 0.684245 0.011765 0.014323
9 0.125735 0.715983 0.012745 0.013346
9 0.125245 0.747559 0.012255 0.013346
9 0.125245 0.779622 0.013235 0.014323
9 0.124632 0.810872 0.012010 0.013672
9 0.124510 0.842611 0.012255 0.012695
9 0.124265 0.874023 0.012745 0.013021
9 0.124142 0.905273 0.012990 0.013672
9 0.123529 0.936523 0.013235 0.013021
9 0.327941 0.947266 0.011765 0.014974
9 0.327696 0.915527 0.012745 0.013997
9 0.328554 0.883464 0.012500 0.014323
9 0.329044 0.851562 0.013971 0.013672
9 0.329044 0.819499 0.013480 0.014648
9 0.329167 0.788086 0.012745 0.012370
9 0.328799 0.755534 0.012990 0.014323
9 0.329412 0.723633 0.011765 0.013672
9 0.329412 0.691895 0.012255 0.013346
9 0.329167 0.659831 0.010784 0.014323
9 0.329902 0.627604 0.011275 0.013021
9 0.329534 0.594889 0.012990 0.013346
9 0.330025 0.563151 0.012500 0.012370
9 0.330270 0.530599 0.012010 0.013021
9 0.330882 0.498861 0.012745 0.012044
9 0.330760 0.465820 0.012500 0.014323
9 0.331127 0.434245 0.012255 0.013021
9 0.331373 0.401530 0.012255 0.012695
9 0.331985 0.369141 0.012990 0.012370
9 0.331740 0.336914 0.013480 0.013021
9 0.332230 0.304362 0.012500 0.013672
9 0.332721 0.272461 0.012010 0.012370
9 0.333088 0.239909 0.012255 0.014323
9 0.333333 0.208171 0.011765 0.013346
9 0.334069 0.176595 0.012255 0.013997
9 0.551103 0.206055 0.011029 0.011719
9 0.551225 0.235189 0.012745 0.011393
9 0.551716 0.264811 0.010294 0.010742
9 0.552206 0.293783 0.010784 0.011393
9 0.551961 0.323730 0.010294 0.012044
9 0.552451 0.353678 0.011765 0.013346
9 0.552941 0.383789 0.012255 0.013021
9 0.553064 0.414551 0.012500 0.012695
9 0.553431 0.444661 0.012745 0.013021
9 0.553799 0.474609 0.012500 0.013021
9 0.554044 0.505534 0.010539 0.012370
9 0.554412 0.535482 0.012255 0.013021
9 0.554657 0.566406 0.011765 0.013672
9 0.555270 0.597331 0.012500 0.013021
9 0.555760 0.628743 0.011520 0.013346
9 0.639951 0.660645 0.031373 0.013346
9 0.135907 0.084961 0.028186 0.014323
9 0.135417 0.112630 0.025245 0.013672
9 0.140441 0.141439 0.037255 0.015951
9 0.429902 0.086100 0.030882 0.021159
9 0.430025 0.113281 0.031618 0.019531
9 0.553186 0.118815 0.024020 0.013672
9 0.568995 0.141602 0.056618 0.018229
9 0.551348 0.170247 0.022794 0.013672
9 0.837745 0.121419 0.041176 0.020182
9 0.846078 0.171387 0.028431 0.015951
9 0.811275 0.669271 0.108333 0.014974
9 0.752083 0.703613 0.008088 0.015951
9 0.751838 0.731771 0.008088 0.015625
9 0.752574 0.760905 0.008088 0.013346
9 0.753309 0.791016 0.007108 0.013672
9 0.754044 0.820964 0.007108 0.013672
9 0.754412 0.849772 0.006863 0.013997
9 0.755147 0.879720 0.008333 0.013997
9 0.755515 0.909993 0.006618 0.015299
9 0.776348 0.939941 0.008088 0.013346
9 0.799632 0.939128 0.008578 0.011719
9 0.822181 0.938477 0.008578 0.012370
9 0.843015 0.936198 0.007108 0.011719
9 0.866176 0.934896 0.008333 0.011068
9 0.887010 0.932943 0.007843 0.012370
9 0.908333 0.933105 0.007353 0.012695
9 0.928309 0.928711 0.007108 0.014323
